0 0 0 0 0
0 0 1 0 3
0 2 5 0 1
4 2 4 4 2
3 5 1 3 1

[0 0 0 4 3]
[0 0 2 2 5]
[0 1 5 4 1]
[4 2 4 4 2]
[3 5 1 3 1]


1 2 3    1 2 4
4 5 6
7 8 9 


		11   12    13    21    22   23   31     32          33  	       41      42      50   51
       1 2 3         4    5      6     7      8     9    10     11           12            13     14       15  16    17  18   19   20   21  22 23     24   25   26   27   28   29   30   31   32  33   34   35   36   37  38    39    40  41                                               
        1 2 4        11   12    14    21    22    24   41     42           44           111    112     114  121 122 124  141 142 144 211 212 214  221 222  224  241  242 244 411 412 414   421  422  424  441 442 444 1111 1114
								

                             
                          99
               100      1 0 0
        
    1  2  3   4  5
    1 10 11    

        a / b == c ... d
       100 9     11   1
       a = b*c + d
     
       a  b 124마을
1  1  0...1    1
2  2  0...2    2
3  4  1...0            if(b==0)
       0  3    4
           
4     1  1    11  
5     1  2    12 
6     2  0            if(b==0)
      1  3    14
n / 3 = 몫
n % 3 = 나머지
                                
12    4...0           if(b==0)
       3  3    44

13    4...1
     1 1 1
    
       

15    5...0            if(b==0)
       4...3                               15 / 3          5...0               
                                                    	    4...3
 				              1...1...3
                                                          1  1  4

16   5...1
    4 ... 3 ... 1 
  1...1...3...1
  1 1 4 1

17  5...2
   4...3...2
 1...1...3...2

36   12...0
      11...3  
       3...2...3        
       4  2  4    

42   14...0
      13...3  
     4...1...3
   1...1...1...3
   1  1  1  4              